6967470125
7539892314
1160247245
314311931
7383771918
5026700412
6843149854
6012192645
5875018071
6246134516
604177898
6779288761
1736913435
6570089227
5141745733
6569993743
2068015251
1466236226
7349327893
7251694548
7542876214
5972765410
5404343406
1944904527
1407799981
6146516500
5535381693
1552123505
1594716836
7333821456
5289847761
366708536
485800807
1446093839
6143095384
1713910522
652647270
5461991706
387935843
5418086043
5499600232
6715203309
5645913864
6221181396
7729617476
5983192243
1284916651
1481166663
550751831
6383693285
5945607591
1099707667
380354334
5649516893
5239411832
5260834521
7635626571
5413162300
1148491899
6438595666
5295949364
6070076968
1007907896
5182596903
6684908878
1311843921
192510810
2031472319
5044376649
5612041260
1886054327
6559801050
6299594617
5736504795
556061061
2064110044
2081965533
1461188416
7896247900
6091374199
6756873898
164075747
567371999
1720520213
5687271947
6727656293
6649774941
2060880510
341759504
7199679492
1981732992
5922313258
6997301306
6751493290
6070494825
6929999630
7022930501
469504588
6792614406
765054573
7371374964
6624188738
6682306515
5082443897
7183797315
7018913185
812885717
5789493389
5117273742
5042877512
5272176912
6081937721
7462714233
6279778674
1874130028
6338356798
424224073
756172868
6485305302
969914225
7187714890
6739271043
6694281234
2116538208
5482190419
5814954138
323717705
1151055282
467303369
1998560309
513404154
6369074653
6290029848
1081586485
6278868040
6236735201
5053125367
5644602499
713689621
6006739939
1079486957
542335314
476954915
5897878624
6155766779
5413906750
359801122
6636854065
6816313267
801846531
6534282660
6199991072
7440934059
6628506927
6378627715
781522604
1351443977
6533429701
702125658
5460572477
7027644245
6687965729
7097959569
6448177188
6494329031
5063637054
6009764475
6246942210
5724558822
1347634342
6777249052
7098802698
5893125054
7035129225
5048129198
7106694515
5573442477
5265900047
1214611298
1394202218
6518492964
5631950768
5757230050
6208996641
6172803429
6965063263
5647984874
693764287
262045152
6980219310
6923362155
7543463447
6416201179
347961004
2081298169
6988810331
6922432910
455507477
5831268938
662631087
6880765909
1450005686
7142773190
1143323996
5955997958
5153648239
2080102965
6930656666
6630378348
5124213984
5070352009
1685502339
6024444770
6513384576
5795958754
7565489325
7478683557
5241810744
5686643056
1598346450
6872949237
5293902666
6085735345
1219101100
1620917408
6029965313
5325818743
6380055373
5021858301
5623783828
5006282109
6637331790
850078226
5110515153
5869205535
7012733295
5507524107
1006122887
2054206385
5695418152
1589233612
6084245182
6771655450
1756739655
6989868556
7119770230
1680488915
6157188034
6809000698
6539102060
7694246109
1787272641
1679208750
6900851780
5400649317
5268818086
1588739819
7292548218
6753069845
5870752461
5382325160
6296509302
6197752932
2081927013
6293891659
7150814341
6737137601
5001488911
6414774396
7067854598
1863591155
1748445887
6383033540
6332670443
2080375217
6522577952
6057513071
6984041939
1072073032
5688764251
6346595884
5179560737
6393493822
1689935839
6308765325
5100842766
5920344010
5764260790
5563646944
6756350901
6950215186
5233901106
7431234810
6441205005
5530047944
156809928
5871717588
6081283013
1790524686
5853430229
6828089999
6539308248
6354502465
6303334302
1372160058
5552680190
6969022980
6337818679
1319959548
6374197033
5021601258
7761743534
1439876626
5131168603
6321936735
7212070302
8081321393
5933060048
5950106830
5825382603
1851114645
5989110898
252952191
6863958274
5456081438
7049077018
6627566950
6076999133
5158035099
5902354149
6530310559
5891874101
5017833702
758868096
6532687181
7457686247
6256272968
5650190401
6900156222
6394702386
5032794141
1929529677
6871069278
2098261854
6615883499
6984341981
5616225146
1342335394
1135069384
1649133851
5193840114
1580974951
1087310690
2032703886
858978651
1615874595
6097202214
1440169256
1313185996
7043119807
5906436213
7581536083
6177178223
6799569827
6718998517
5060154311
1230922838
5352855164
5173770562
5939265940
6380252994
6947582051
5351776011
5313646491
7375907809
7164685813
7468059583
7139608646
7098734937
5838122822
6680214297
5877226710
5410531783
6797365756
7742900253
5005247103
6677094609
6089722833
5694462351
6468191684
5662498136
7831866578
6807097181
1729095217
5960313589
6786056117
7073270019
1244728335
7135004539
6177362864
6831708320
6430562115
6818176500
5810881365
7375110199
5972521775
8178354166
5300965634
7460891441
5157910516
6611541342
5931765062
7044877355
6709502597
6609931627
6813964747
6307538517
6657575777
6647507233
6151922670
6460881589
6892042503
6230072440
7027009284
6601965063
558521236
6955212525
6988751064
6690542912
1136646015
6464955259
5563739938
6209831401
5939313786
6405254023
7943867240
5981230589
1624348880
1510357732
7885017844
6063930179
6389366567
7485446835
7620193602
6177250804
6427244817
6443324552
5275267672
6990656435
7946739536
6612876340
1032344717
6033129918
6516768339
6050271693
6154241727
6733005763
6036738871
6122680623
5905911054
1114643253
6460491704
5889376015
5830497142
6930087632
8090867336
467997746
6871169483
6078967754
5134115994
5252326284
6201985182
1318882655
5588808272
7984896403
6186553162
6732083249
6541230899
5052484720
6485834422
7080629830
6931790694
7191919703
5231212435
755300450
6304421630
6495378865
6569154098
6106754437
6713184201
6138718471
7588877585
6402287829
6328640921
6477180063
995898251
6163971574
5538922448
5613473758
5434681280
6283333482
6739265832
5110973446
7815558657
6371937590
1269790713
6016042863
7358270752
5889201362
8046739767
6889503335
6052903491
6652733469
5882950786
5566952400
7272171575
5897432950
5940108035
6624301819
5030472796
7115700542
6492480109
6137758425
7050132886
6565575121
6946723020
6304573798
7961048914
1236826687
5932323192
6439049219
7892182644
6353273608
1336102013
6407701057
5460896377
985697121
6853557554
6267090913
6666685880
7053954845
7282835204
6284792498
5787596410
5033082413
620936567
595330485
5553928034
5282324569
6807013663
7456234442
5653657727
6384990789
1219293535
6864201122
1314763662
5411137025
7275654426
5810330114
6151525670
6695019996
6022071069
1160845636
5996907691
6915756316
6805217639
5844051701
6513376824
6281245118
7395418453
7112297223
6856448016
6793458712
6661650444
6626505858
1025354600
6358670722
5916895596
6383619765
6791686513
6869510402
6667906175
6069462188
6191185138
6051672336
6263131992
5946837836
6296478634
6523170436
5780032005
6075848801
6225723037
6216372829
6220809691
6121262483
5968143244
1796919715
